abc

123


ORDER 3:



sample 100 cutoff 5?
0.010182576736   0.030547730209  0.030547730209  0.010182576736  
1.000000000000   -2.003797477370  1.447054019489  -0.361795928228  




sample 20 cutoff 6.3
0.289003621918   0.867010865753  0.867010865753  0.289003621918  
1.000000000000   0.751546918407  0.483668797629  0.076813259304  



ple 20 cutoff 1.3
0.005886216155   0.017658648465  0.017658648465  0.005886216155  
1.000000000000   -2.188288161659  1.674598618846  -0.439220727946  

ample 20 cutoff 0.3
0.000095442508   0.000286327525  0.000286327525  0.000095442508  
1.000000000000   -2.811573677325  2.640483492778  -0.828146275386  


sample 20 cutoff 0.2
0.000029146494   0.000087439483  0.000087439483  0.000029146494  
1.000000000000   -2.874356892677  2.756483195226  -0.881893130592  





100 5
0.002898194634   0.008694583901  0.008694583901  0.002898194634  
1.000000000000   -2.374094743709  1.929355669091  -0.532075368312 


500 5
0.000029146494   0.000087439483  0.000087439483  0.000029146494  
1.000000000000   -2.874356892677  2.756483195226  -0.881893130592


ORDER 5

500 6
0.000000067560   0.000000337798  0.000000675595  0.000000675595  
1.000000000000   -4.756023057407  9.053589927639  -8.622451209947   


