[0.00588622 0.01765865 0.01765865 0.00588622]
[ 0.33178758  0.11350625 -0.11706544 -0.33192698 -0.51507698 -0.65263906]
[-0.95346968 -0.75879756 -0.27019223 -1.29484578 -0.42712021  0.35148472]
[ 1.         -2.18828816  1.67459862 -0.43922073]
-0.029929087001354916
-0.02992908700135488
[ 1.         -2.18828816  1.67459862 -0.43922073  0.00588622  0.01765865
  0.01765865  0.00588622]
[1, 4, 3] 3
(array([ 1.        , -2.18828816,  1.67459862, -0.43922073]), array([0.00588622, 0.01765865, 0.01765865, 0.00588622]))
[3 1 4 3]
[ 1.         -2.18828816  1.67459862 -0.43922073]
[0.00588622 0.01765865 0.01765865 0.00588622]
0.005886216155   0.017658648465  0.017658648465  0.005886216155  
1.000000000000   -2.188288161659  1.674598618846  -0.439220727946  
